materials:
  - title: "Suprasil Heraeus"
    B: [0.670528671, 0.433889824, 0.909353456]
    C: [0.00448160190, 0.0132966549, 99.4989893]

  - title: "BK7"
    B: [1.03961212, 0.231792344, 1.01046945]
    C: [0.00600069867, 0.0200179144, 103.560653]

  - title: "Fused Silica"
    B: [0.6961663, 0.4079426, 0.8974794]
    C: [0.0684043, 0.1162414, 9.896161]